Epoch,Train Loss,Train Accuracy,Validation Loss,Validation Accuracy,Train Class 0,Train Class 1,Train Class 2,Validation Class 0,Validation Class 1,Validation Class 2
1,0.8734146871204264,0.6269298245753447,0.8013598078315018,0.6637426899469385,0.13124911984227575,0.8287884017949603,0.7904068080716911,0.12185120093731693,0.831101956745623,0.7750636132315522
2,0.8042022392206025,0.6625146198690987,1.3285379447435084,0.5390643275411502,0.0064779608505844246,0.2565585088022092,0.990264973244794,0.005858230814294083,0.2420185375901133,0.9908396946564886
3,0.7927772625566234,0.6697368421192049,0.799428795541239,0.6626900585353026,0.34980988593155893,0.7439592682084916,0.7661014763716072,0.3321616871704745,0.7394438722966015,0.7493638676844784
4,0.7810044987856993,0.671754385950969,0.7818303509483558,0.6718128654552478,0.06266722996761019,0.7301518812564722,0.9078073625169235,0.04745166959578207,0.7339512530037762,0.8969465648854962
5,0.7754657976250898,0.6751754386104334,0.7775486283274425,0.6784795322195131,0.07449654978172088,0.8618398343113566,0.8187737734510993,0.05741066198008202,0.8685204256779951,0.8073791348600509
6,0.7714116740087315,0.6794736842105263,0.9654762958504304,0.5152046782649747,0.46655400647796086,0.864946496375561,0.294823028818258,0.437609841827768,0.8712667353244078,0.28498727735368956
7,0.7712733872731522,0.6757894736702669,0.7799770092964173,0.6778947367863347,0.10773130544993663,0.8636520538488092,0.8129069692476307,0.09548916227299356,0.8623412289735668,0.794147582697201
8,0.7651338908546845,0.6807309941381043,0.7583406045701765,0.6832748536756865,0.09857766511758907,0.7814981014842941,0.8843401457030494,0.08553016988869361,0.7816683831101957,0.8699745547073792
9,0.7636937462516699,0.682280701754385,0.7612522928059451,0.6783625729739319,0.23165751302633433,0.8419054193993787,0.7827348333440785,0.21558289396602226,0.839340885684861,0.7600508905852418
10,0.758818832168803,0.6823976608326555,0.8038197983914646,0.6560233918825786,0.3603717786227292,0.642129789437349,0.8120043839855586,0.3596953719976567,0.646755921730175,0.7916030534351145
11,0.7589008305086736,0.683362573085472,0.8522886193147183,0.6287719297130206,0.30080270384452895,0.8900586813945461,0.6000257881503449,0.28412419449326304,0.8973566769653278,0.5793893129770993
12,0.7556919408123384,0.6847076023391813,0.7466018899421245,0.683625730882611,0.14251513871285734,0.8515705902657922,0.8187093030752369,0.127709431751611,0.8516992790937178,0.8005089058524173
13,0.7545681781796684,0.6849122807156964,0.7597060901658577,0.6823391812447219,0.22081396986339952,0.8331032102174664,0.7988524273096512,0.19917984768599883,0.8396841743906626,0.7755725190839695
14,0.7513776028923125,0.6886842105402582,0.766093640801502,0.6732163742550632,0.03281227996056894,0.7601829478771143,0.9086454774031333,0.026362038664323375,0.7521455544112599,0.8956743002544529
15,0.7489977934207137,0.6862573099554626,0.7565184378902817,0.6798830409217297,0.1092803830446416,0.8727131515360718,0.8117465024821094,0.08728763913298183,0.8722966014418125,0.7946564885496183
16,0.7500540959765335,0.6848830409217298,0.7467038527845643,0.6860818714007998,0.15434445852696804,0.8634794615119089,0.8141319063890142,0.13649677797305212,0.8595949193271541,0.7961832061068702
17,0.7468485950029383,0.6878362573238835,1.1199615646105763,0.5799999999651438,0.009576116039994366,0.3841042457714878,0.9796918316033782,0.009373169302870533,0.37349811191211807,0.9809160305343512
18,0.7456632635746788,0.6907309941659895,0.8803634295268363,0.5918128653994775,0.5030277425714688,0.8135139799792889,0.4966153052672297,0.4915055653192736,0.8029522828698936,0.47888040712468194
19,0.7459453006515718,0.6903216374268997,0.7382495090696548,0.6902923976329338,0.15899169131108296,0.7979806696582672,0.8721552446650764,0.13708260105448156,0.787847579814624,0.8582697201017812
20,0.7453204665825384,0.688421052617636,0.7397945132171894,0.6870175438178215,0.21630756231516687,0.8047980669658267,0.8414673457546258,0.17926186291739896,0.7967730861654652,0.8262086513994911
21,0.7423634338657751,0.6902046783486296,0.7524122605686301,0.6822222222640502,0.06703281227996057,0.7594062823610632,0.9076139513893366,0.056824838898652606,0.759354617233093,0.8966921119592876
22,0.7419284753492694,0.6916666666527236,0.7457427316938925,0.689239765956388,0.06463878326996197,0.8324128408698653,0.8724131261685255,0.05506736965436438,0.8314452454514246,0.8592875318066158
23,0.7422001466555905,0.6900292397521381,0.7597621735076462,0.6796491226954766,0.16983523447401774,0.8704694511563686,0.7936947972406679,0.14879906268306972,0.8644009612083763,0.7732824427480917
24,0.7411705234176237,0.6915789473544784,0.7457513119602762,0.6859649123504152,0.20785804816223066,0.7525888850535036,0.8760879375926761,0.19097832454598712,0.7445932028836252,0.8575063613231552
25,0.7387723669392321,0.6919590643274847,0.7653588176610177,0.6748538010719921,0.3374172651739192,0.8432861580945806,0.7323189994197666,0.3292325717633275,0.8396841743906626,0.7027989821882952
26,0.7396199875407753,0.6909941520607253,0.7513843415633978,0.6836257310499227,0.22884100830868892,0.8530376251294443,0.7911159822061763,0.2026947861745753,0.852385856505321,0.7674300254452926
27,0.7358137026167757,0.6923099415344096,0.7528946088489737,0.6801169590364421,0.3481199831009717,0.8090265792198826,0.7800270775578622,0.3268892794376098,0.7923103329900446,0.750381679389313
28,0.735196114046532,0.6931578947368416,0.812506280112685,0.6607017544277927,0.019997183495282355,0.6842423196410079,0.9408161949584166,0.013473930872876391,0.6731891520768967,0.9325699745547074
29,0.7363332410444292,0.6931286549847024,0.7537040625259893,0.6865497074768557,0.14068441064638784,0.8784086986537798,0.8031074721165624,0.1271236086701816,0.8798489529694473,0.7862595419847328
30,0.733685308715754,0.6949707602199761,0.7434951982302971,0.6840935673072324,0.3043233347415857,0.80721435968243,0.8046547611372574,0.27299355594610425,0.7943700652248541,0.7809160305343511
31,0.7349634683201879,0.6948245614174501,0.73000346853022,0.6915789472568802,0.1884241656104774,0.8085088022091819,0.8600992843788279,0.15875805506736965,0.7995193958118778,0.843002544529262
32,0.7324571309033889,0.694473684224468,0.7625531149747079,0.6761403507517093,0.19616955358400226,0.7095270969968933,0.886661079234092,0.17926186291739896,0.6992790937178167,0.8748091603053435
33,0.730413700892912,0.6976023391673436,0.8384019924743833,0.6201169591479828,0.5258414307843966,0.756385916465309,0.5940300431951518,0.5073227885178676,0.7507723995880535,0.572264631043257
34,0.7321613457886107,0.6963450292258234,0.7411762848932145,0.6883040935393666,0.1370229545134488,0.8104073179150846,0.8751853523306041,0.11364967779730521,0.802608994164092,0.8531806615776082
