Epoch,Train Loss,Train Accuracy,Validation Loss,Validation Accuracy,Train Class 0,Train Class 1,Validation Class 0,Validation Class 1
1,0.6151807342239466,0.6796267494098199,0.5779212385556669,0.7012012010989196,0.36217903248687755,0.9173133298844628,0.3592950540079591,0.9083706510506373
2,0.5669475916039692,0.7180779747632567,0.5747690230467349,0.7057057056801355,0.3786352674138176,0.9170546645973444,0.3632745878339966,0.9131932483637616
3,0.5598823711329597,0.7251568617479104,0.5593236174925056,0.7211497208173058,0.49595687331536387,0.8803241938265218,0.47299602046617395,0.8715122287289011
4,0.5550854842183467,0.7293398399010879,0.5713868013322226,0.7134277135811358,0.42204568023833167,0.915330229349888,0.39965889710062535,0.9035480537375129
5,0.5437833084244125,0.7338982139853764,0.545034650286499,0.7325182323648101,0.6105830614271528,0.8273840317296085,0.5974985787379192,0.8143300034447124
6,0.5405803682906778,0.738778356036188,0.5753493506680328,0.7093522095056319,0.39338913321038443,0.9287808242800483,0.35702103467879476,0.9228384429900104
7,0.5359012878356032,0.7441411488508931,0.5464835727434719,0.7413127415940161,0.597531564760959,0.8432488360062079,0.58726549175668,0.834653806407165
8,0.530992217352737,0.7454282192849674,0.5500119043644383,0.7361647361903066,0.717406724358065,0.7537506466632178,0.7202956225127913,0.7457802273510162
9,0.5308076617621466,0.7473588243990714,0.5402001397183196,0.741527241373819,0.5372393247269116,0.8835143990343163,0.5105173393973849,0.8815018945918016
10,0.5282277832668884,0.7489140347391886,0.5332200828666394,0.7488202491015234,0.6593843098311817,0.813502327987584,0.6554860716316089,0.8053737512917671
11,0.5261269715309602,0.7487531503531709,0.5352176698504062,0.7460317458016121,0.6952759256632146,0.7869460251767546,0.6901648664013644,0.7798828797795384
12,0.5248857176629266,0.751488175009597,0.5279737294922056,0.7522522524056747,0.6517236487445027,0.8234178306604587,0.6424104604889141,0.818808129521185
13,0.5223265102083907,0.7530433847455803,0.5305097652115774,0.7522522523545341,0.6111505178039438,0.8531643386790826,0.5980670835702103,0.8456768859800207
14,0.5196438907007497,0.7548131068897047,0.5272661511195366,0.7533247530434788,0.6791034189246702,0.8059148128987756,0.679363274587834,0.7981398553220806
15,0.5190790338913112,0.75583203707891,0.5257914344776552,0.7533247533503238,0.6111505178039438,0.8549749956889119,0.6043206367254121,0.8436100585601102
16,0.5161945548713859,0.7577090150786897,0.5233107057317343,0.7516087512763362,0.6217903248687757,0.8502327987584066,0.6094371802160319,0.8377540475370306
17,0.5130862712335885,0.757869898825412,0.5278052487428585,0.755469755316333,0.6659100581642786,0.8227280565614761,0.6560545764639,0.8157078883913194
18,0.5153223597959274,0.7591033413300606,0.5221574965437714,0.7561132559598335,0.6335650446871897,0.8459217106397655,0.6173962478681069,0.8401653461935928
19,0.5128047435400142,0.7609266906748148,0.5236997496590803,0.7591162593975337,0.6718683501205844,0.8220382824624936,0.6651506537805572,0.8160523596279711
20,0.5132826283136986,0.7579235267995884,0.5257678355770732,0.7483912482889666,0.5525606469002695,0.8834281772719434,0.5224559408754974,0.8852910781949708
21,0.5113177684930311,0.7599613875583797,0.5196744916470765,0.7531102528289785,0.6206554121151936,0.8569580962234868,0.5969300739056282,0.8477437133999312
22,0.5099598097086476,0.7597468764416148,0.5190749523057696,0.757400257374687,0.6261881117889062,0.8567856526987412,0.6071631608868675,0.8484326558732346
23,0.5091895951773133,0.759532364250834,0.5254927751384851,0.7576147578960322,0.6964108384167967,0.804793929987929,0.6839113132461626,0.8022735101619015
24,0.5080054034245469,0.7638762270489431,0.5255317788991433,0.7558987561800306,0.6145552560646901,0.858337644421452,0.6071631608868675,0.8460213572166724
25,0.5078810408120885,0.7610339462331976,0.5177946703109758,0.7595452596986821,0.6630727762803235,0.8358337644421452,0.6458214894826606,0.8284533241474337
26,0.5061394380869135,0.7635008311146362,0.523266850060938,0.7522522519709778,0.5885941268265003,0.875840662183135,0.5599772598067083,0.8687564588356872
27,0.5037366270239043,0.7631254354392435,0.5563525980708426,0.7430287427474684,0.5195063129521919,0.9023107432315917,0.48379761227970436,0.9001033413709956
28,0.5043796522659406,0.7652705528719873,0.5203007497229017,0.760617760643331,0.6600936303021705,0.8439386101051906,0.6293348493462194,0.8401653461935928
29,0.5015999540976689,0.7668257627805806,0.5167354593482564,0.7552552550251213,0.6717264860263867,0.8396275219865494,0.6378624218305856,0.8263864967275233
30,0.5017263351362204,0.7654850648869619,0.520960450146854,0.7552552549739805,0.5657540076606611,0.8908432488360062,0.5343945423536101,0.8890802617981398
31,0.4998830087723064,0.7667721349374595,0.5196593936448034,0.7591162588349845,0.6861966236345581,0.8254009311950337,0.6623081296191018,0.8177747158112297
32,0.49929022396154854,0.7682737172202921,0.5161461504372032,0.7584727583704767,0.6398070648318911,0.8550612174512847,0.6168277430358158,0.8442990010334137
33,0.49828788992444045,0.7657532039779036,0.5189886468513387,0.7591162588349843,0.6209391403035892,0.8692878082428005,0.588402501421262,0.862555976575956
34,0.4956172286677809,0.7687027406109463,0.5145183628027862,0.7582582584116808,0.6355511420059583,0.8641145025004311,0.5997725980670836,0.8542886668963141
35,0.4957243562505452,0.7677374378397308,0.5186071323254037,0.7604032602498377,0.6408001134912753,0.8611829625797551,0.6134167140420693,0.8494660695831898
36,0.496263724330885,0.7692390197325935,0.5193386338443421,0.7539682536869793,0.6962689743225989,0.8225556130367304,0.6668561682774303,0.8067516362383741
37,0.4944327098246572,0.7703115779790837,0.5147872673549758,0.7580437583250327,0.6186693147964251,0.8729953440248319,0.5821489482660602,0.8646228039958663
38,0.49159527970727157,0.7720812996085755,0.5125250488021045,0.759330759305189,0.6507306000851184,0.8554923262631489,0.6156907333712337,0.8463658284533242
39,0.4924313870199745,0.771330508638171,0.5116420928524676,0.7597597597341894,0.656830756135622,0.8585100879461977,0.6191017623649802,0.8449879435067172
40,0.49098106382704687,0.7701506941908066,0.5155981036789271,0.7571857572880388,0.6459072208823947,0.8633385066390757,0.6031836270608301,0.8504994832931451
41,0.4895418540107577,0.7715986484131578,0.5135065119238895,0.7561132558319816,0.6467584054475812,0.8673047077082255,0.5980670835702103,0.851877368239752
42,0.48779221084051794,0.7729393467798547,0.5108378934839773,0.7614757617570361,0.713860122003121,0.8235902741852044,0.6827743035815804,0.8091629348949363
43,0.486257923431241,0.7733683699563451,0.513127519945278,0.7623337623081918,0.6861966236345581,0.848594585273323,0.6452529846503695,0.8332759214605581
44,0.4876076897702449,0.7732074861233176,0.5174037247627705,0.7601887603421826,0.6461909490707902,0.866097603035006,0.6100056850483229,0.8511884257664485
45,0.48453505447916223,0.7749772077975604,0.514186432923129,0.760617760515479,0.6281742091076749,0.8850663907570271,0.5810119386014782,0.8694454013089907
46,0.4816985174900866,0.7758888828119602,0.5195364372661727,0.7569712571246793,0.6039154489998582,0.8881703742024487,0.5611142694712905,0.875645883568722
47,0.4793640495740282,0.7798573497588708,0.5098519752538035,0.7606177605921903,0.6749893601929352,0.866097603035006,0.6156907333712337,0.8484326558732346
48,0.4798865292087258,0.7798573495894576,0.5164408893965693,0.7578292577269762,0.7074762377642219,0.8381617520262115,0.6651506537805572,0.8139855322080606
49,0.47707689979788953,0.7818415827608465,0.5099434017214535,0.7636207637741862,0.6816569726202298,0.8628211760648388,0.6355884025014212,0.8411987599035481
50,0.47749320218382435,0.7802863729385583,0.5173871562696741,0.7582582582838286,0.6532841537806781,0.8723917916882221,0.6088686753837408,0.8487771271098863
51,0.47652506209310974,0.7775513484067952,0.5177044909637611,0.7616902615368392,0.6518655128387005,0.8759268839455079,0.6065946560545764,0.8556665518429211
52,0.4728436759472431,0.782592374076471,0.5205989794151203,0.7574002571701235,0.6571144843240176,0.8771339886187274,0.5969300739056282,0.8546331381329659
53,0.4713601129776914,0.7853810263618535,0.5144865743876629,0.762548262445981,0.6683217477656405,0.8766166580444904,0.6139852188743604,0.8525663107130554
54,0.47038057813275164,0.7837721882233663,0.5126838255521822,0.7601887603421829,0.706199460916442,0.8590274185204345,0.6480955088118249,0.828108852910782
55,0.46800345397221865,0.7838794446799582,0.5142404309468738,0.7636207636463341,0.7032203149382891,0.8585100879461977,0.6515065378055713,0.8315535652772994
56,0.46690313571668185,0.7832895374147222,0.5286402246155282,0.7490347491881716,0.676833593417506,0.8571305397482325,0.611142694712905,0.8325869789872545
57,0.4641946128717331,0.788491446140682,0.5215558672299052,0.7548262550563887,0.7084692864236062,0.8580789791343335,0.6429789653212052,0.8225973131243541
58,0.4602701564528651,0.7887595857846137,0.5274548269760347,0.7528957527934712,0.6321464037452121,0.9045525090532851,0.5474701534963047,0.8773682397519807
59,0.45967913135520994,0.7896176328727844,0.5225302173261835,0.7558987559243263,0.6606610866789615,0.8954992240041386,0.5821489482660602,0.861178091629349
60,0.45759731239305135,0.793639727365544,0.5201802249887582,0.7546117548418886,0.6778266420768904,0.8956716675288843,0.6009096077316657,0.8477437133999312
61,0.45386474969662344,0.7918700057360519,0.5199678964954445,0.7586872586616884,0.7408142999006951,0.8554923262631489,0.672541216600341,0.810885291078195
62,0.45382991900627895,0.7938542389553872,0.5204759706810583,0.7550407551941776,0.679812739395659,0.8949818934299018,0.5923820352472996,0.8535997244230107
63,0.4497630410605592,0.795248565462477,0.5191120669495033,0.7563277563021861,0.677401049794297,0.9098120365580272,0.5821489482660602,0.8618670341026524
64,0.4482879292286005,0.7999678232934879,0.5244152008055207,0.7593307591006255,0.7496098737409561,0.8591998620451802,0.6748152359295054,0.8105408198415432
65,0.44686137823443006,0.7994315437850679,0.5189447176911605,0.7546117548930291,0.7071925095758264,0.8963614416278669,0.6060261512222854,0.8446434722700654
66,0.4410539898561294,0.8029709873860749,0.5213443946807694,0.750321749989335,0.7416654844658817,0.8838592860838076,0.6350198976691301,0.8201860144677919
67,0.43845862290837095,0.804847965043831,0.5406097391806464,0.7468897469920287,0.7731593133777841,0.8577340920848422,0.6827743035815804,0.7857388908026179
68,0.4365849394181232,0.8045798250546804,0.5219732812677316,0.7565422566445382,0.700950489431125,0.9088635971719262,0.5969300739056282,0.853255253186359
69,0.4335789170835193,0.8038290339116659,0.5267522078325493,0.7520377523190267,0.7276209391403036,0.9000689774098982,0.6151222285389426,0.8349982776438167
70,0.430264705105327,0.8076902452618364,0.5318062494543683,0.7520377520633226,0.739111930770322,0.9061045007759959,0.6219442865264355,0.8308646228039959
71,0.4280977438536576,0.808119268524632,0.5391526028660939,0.7488202486668262,0.7147113065683076,0.9121400241420935,0.6031836270608301,0.8370651050637272
72,0.4247637037927999,0.8116587121224424,0.5323845034809596,0.7543972544995361,0.7554263016030642,0.8981720986376962,0.6293348493462194,0.8301756803306923
73,0.4225699917211567,0.814340108635279,0.5437629049502439,0.7494637495660311,0.7246417931621506,0.89920675978617,0.6077316657191586,0.8353427488804684
74,0.4168594092659677,0.8144473641105534,0.5383566182757181,0.7410982412005228,0.7725918570009931,0.8979996551129505,0.6276293348493462,0.8098518773682397
75,0.413784594107692,0.818576714932046,0.541284508840151,0.7464607463073241,0.7445027663498368,0.9177444386963269,0.6094371802160319,0.8294867378573889
76,0.40909355561899585,0.8216871347108747,0.5529220533800555,0.7479622478855368,0.7630869626897432,0.9130022417658217,0.6293348493462194,0.8198415432311402
77,0.4069890545994474,0.8226524370537628,0.5434503584448128,0.7438867441168777,0.7654986522911051,0.9101569236075185,0.6185332575326891,0.8198415432311402
78,0.40271616682403055,0.8240467633498854,0.5588078714910366,0.7338052335239592,0.7744360902255639,0.910415588894637,0.5992040932347925,0.8153634171546675
79,0.39846858496019505,0.8250656942199396,0.5501202498956179,0.7462462461439646,0.692154915590864,0.9286083807553026,0.5662308129619101,0.8553220806062694
80,0.39232683359326825,0.8308575106842144,0.5801721709779996,0.7400257400768809,0.7907504610583062,0.9227453009139507,0.6156907333712337,0.8153634171546675
81,0.39324746548013906,0.827747090435504,0.5516477917867993,0.7408837407303184,0.8118882110937722,0.916278668735989,0.6367254121660034,0.8039958663451602
82,0.38732531004286513,0.8336461625828238,0.5782621857793686,0.7417417418951643,0.7166974038870761,0.9281772719434386,0.5611142694712905,0.8511884257664485
83,0.3816571087931708,0.8353086289544016,0.5763987829530766,0.7357357357613062,0.732018726060434,0.9437834109329195,0.5611142694712905,0.8415432311401998
84,0.3783147593231668,0.835737652261948,0.5947254270967217,0.7325182327995071,0.8097602496808057,0.9177444386963269,0.6122797043774872,0.8053737512917671
85,0.3760225790326394,0.8355767681316484,0.5630418728319476,0.7456027457561681,0.7737267697545751,0.9480944990515606,0.5787379192723138,0.8467102996899759
86,0.36688017428013986,0.8421730035788618,0.5807625825238402,0.7378807381620124,0.7898992764931196,0.9522331436454561,0.5804434337691871,0.8332759214605581
87,0.3664800464825675,0.8458733308818408,0.5891638986034387,0.7344487347300089,0.7698964392112356,0.9665459561993447,0.5406480955088119,0.851877368239752
88,0.35693580276903314,0.8454979353311106,0.5970148075066734,0.7295152295408,0.8148673570719251,0.9478358337644421,0.58726549175668,0.8157078883913194
89,0.3570490754877473,0.8471604009291421,0.6129620289122379,0.7372372373906598,0.7768477798269258,0.9651664080013795,0.5440591245025582,0.8542886668963141
90,0.3545010634952943,0.8496272855548626,0.5919536375682378,0.7314457311644567,0.8212512413108243,0.9518882565959649,0.5997725980670836,0.8112297623148467
91,0.34918104882418544,0.8512361236070449,0.6019082962315974,0.7402402403936628,0.766207972762094,0.9653388515261252,0.5548607163160887,0.8525663107130554
92,0.3445191993057209,0.852684077832593,0.6019872890194821,0.7370227369204553,0.8212512413108243,0.9515433695464736,0.5969300739056282,0.8219083706510506
93,0.3403885497697564,0.8571888240769565,0.6089223828350511,0.7323037320224576,0.8216768335934175,0.9543024659424039,0.5946560545764639,0.8157078883913194
94,0.33003626444253203,0.8594411969817782,0.6270013224638772,0.7303732307056457,0.8606894594978011,0.9344714605966546,0.641273450824332,0.784361005856011
95,0.33368017984413434,0.8585295224820108,0.6143852791935526,0.7370227367414623,0.8240885231947794,0.9734436971891706,0.5690733371233655,0.8387874612469859
96,0.32075668827051673,0.8627661288650826,0.6359312063453024,0.7348777347243125,0.8350120584480069,0.9640455250905329,0.5929505400795907,0.8208749569410955
97,0.3186345611982463,0.8672172467900509,0.630773676970853,0.7402402403936629,0.7954319761668321,0.9657699603379893,0.5685048322910745,0.8442990010334137
98,0.3158298149443622,0.8684506889974272,0.6297386907958411,0.7413127410314667,0.8428145836288835,0.9680979479220555,0.603752131893121,0.8246641405442645
99,0.3183634769931238,0.8644285941178949,0.636352695221044,0.7288717286671655,0.8418215349694992,0.9754267977237455,0.573052870949403,0.8232862555976576
100,0.3070246691121271,0.8731699468284381,0.6509143807559709,0.7361647358323207,0.8599801390268124,0.9714605966545956,0.6168277430358158,0.8084739924216328
101,0.29933536040397446,0.874617900708767,0.6653849922091805,0.7308022310067941,0.8585614980848347,0.9690463873081566,0.58726549175668,0.8177747158112297
102,0.30097046615310663,0.8734917145776018,0.6550341720286484,0.7275847273801641,0.8638104695701518,0.9733574754267977,0.5764638999431495,0.8191526007578367
103,0.30022568231569496,0.8741888774875253,0.66755794085233,0.7288717288461585,0.8747340048233792,0.964907742714261,0.6156907333712337,0.7974509128487771
104,0.2927951971449059,0.880570600916567,0.6827421706922572,0.7293007289683138,0.8300468151510852,0.9874116226935679,0.5469016486640137,0.8398208749569411
105,0.2867718344416357,0.8815359041608611,0.6849778238819781,0.7368082366548143,0.8327422329408427,0.9820658734264528,0.579874928936896,0.8318980365139511
106,0.2890307875880033,0.8780500886618898,0.6714820859515068,0.7228657226611596,0.8831039863810469,0.9666321779617175,0.6060261512222854,0.793661729245608
107,0.27540895763802425,0.8870059526618083,0.7082606575254818,0.7316602318903654,0.8909065115619237,0.9813760993274703,0.5997725980670836,0.8115742335514985
108,0.2767751186729699,0.8850753475061501,0.7040177669866767,0.722436722232159,0.8523194779401334,0.9824969822383169,0.5542922114837976,0.8243196693076128
109,0.26741399539887023,0.8918324663101163,0.7087738538621987,0.7303732303988006,0.8696268974322598,0.9874978444559407,0.5713473564525299,0.826730967964175
110,0.2670907867432996,0.8904381401450492,0.7062799179825032,0.7314457313690201,0.9009788622499645,0.9773236764959475,0.6230812961910176,0.7971064416121254
111,0.25582246562523864,0.8968198639193107,0.7479537365672825,0.7297297298831522,0.8857994041708044,0.9853423003966201,0.5838544627629335,0.8181191870478814
112,0.2632218785593962,0.8934949322086161,0.7102703857401419,0.7333762332995222,0.8849482196056179,0.9845663045352647,0.595793064241046,0.8167413021012745
113,0.24997692505923474,0.8984287017157753,0.7250747082571981,0.7228657231981382,0.9093488438076323,0.9885325056044145,0.5849914724275156,0.8064071650017224
114,0.24669103115284013,0.9013246101636742,0.7378366423082782,0.7342342342598046,0.8972903958008228,0.9865494050698397,0.6100056850483229,0.809507406131588
115,0.24950050822453518,0.9006274466080624,0.7696291848806187,0.7269412270435086,0.8699106256206555,0.9841351957234006,0.5753268902785673,0.818808129521185
116,0.2507866053435608,0.8982141899117676,0.7392382462589283,0.7303732301430965,0.8909065115619237,0.9934471460596654,0.5650938032973281,0.8305201515673442
117,0.2417650207746903,0.9034697272096446,0.7409315579365067,0.7286572286827994,0.9046673286991063,0.9792205552681497,0.6117111995451961,0.7995177402686876
118,0.23425563661484586,0.9068482865492965,0.7452700959413873,0.7327327330140073,0.9099163001844234,0.9911191584755993,0.610574189880614,0.8067516362383741
119,0.23252026240244023,0.907170054426319,0.7529660982668323,0.7303732306033641,0.9022556390977443,0.9957751336437317,0.5770324047754406,0.8232862555976576
120,0.2329127165487051,0.9050785650508596,0.7634730052405906,0.7301587301331597,0.9252376223577813,0.9892222797033972,0.6219442865264355,0.7957285566655184
121,0.23063255071755084,0.9073845657156938,0.7663019592799837,0.7228657228401524,0.9310540502198893,0.9883600620796689,0.6156907333712337,0.7878057182225284
122,0.21810413112782687,0.9117284279544203,0.7982909562811735,0.7247962248985066,0.9286423606185275,0.9886187273667874,0.6196702671972711,0.7884946606958319
123,0.22663729400802768,0.9074381936866738,0.815354733930438,0.7267267268290086,0.9107674847496099,0.9884462838420417,0.6020466173962479,0.8022735101619015
124,0.22245046595242238,0.9091542875145989,0.8029443173897414,0.7256542256797961,0.9126117179741807,0.9951715813071219,0.5781694144400228,0.8150189459180158
125,0.20839976569091367,0.9191290822151593,0.8083827915441218,0.7271557270023047,0.9170095048943112,0.9925849284359373,0.5861284820920978,0.8126076472614536
126,0.2104867762713328,0.9160722902378975,0.7896315724181804,0.7286572286827991,0.9181444176478933,0.9981893429901707,0.5810119386014782,0.8181191870478814
127,0.20783108307486498,0.9186464310229381,0.8138930516046601,0.7254397255931478,0.937721662647184,0.9937920331091568,0.58726549175668,0.8091629348949363
128,0.1992646202292399,0.9227221536145367,0.8390289515908929,0.7293007292751589,0.9073627464888636,0.9969822383169512,0.5395110858442297,0.8442990010334137
129,0.19720541607625883,0.9200943854178992,0.8307708744990472,0.7318747317213095,0.9204142431550575,0.9924124849111916,0.5901080159181353,0.8177747158112297
130,0.19942344986763358,0.9213814552510368,0.8053306124589824,0.7383097381563156,0.9276493119591431,0.9909467149508536,0.6293348493462194,0.8043403375818119
131,0.19686082465553265,0.9227757819307355,0.7919836547537351,0.7230802227478075,0.9497801106539935,0.9959475771684774,0.5889710062535531,0.8043403375818119
132,0.19313072393348005,0.9249208990214567,0.8365153014429748,0.725654225551944,0.937721662647184,0.9956026901189861,0.5923820352472996,0.8064071650017224
133,0.18981777786674747,0.9248136429484417,0.8444003443613631,0.7323037320224577,0.9351681089516244,0.9972409036040697,0.5918135304150085,0.817430244574578
134,0.18059687265753588,0.92878210955333,0.8647207475971735,0.7172887171864356,0.9553128103277061,0.9949991377823763,0.5667993177942012,0.8084739924216328
135,0.18423005890423036,0.9262615967424658,0.8701683050161367,0.7269412270435087,0.9523336643495531,0.9951715813071219,0.6048891415577032,0.8008956252152946
136,0.18519205245174733,0.9261007134688211,0.8553583345818244,0.7175032176054992,0.9472265569584338,0.9959475771684774,0.5599772598067083,0.8129521184981054
137,0.17715051987490565,0.9310344829759802,0.8377070109100619,0.7190047188512965,0.9553128103277061,0.9953440248318676,0.5747583854462763,0.8064071650017224
138,0.17520619708759605,0.9300155519748705,0.8910274234568802,0.732303732278162,0.9449567314512697,0.9968960165545784,0.6134167140420693,0.8043403375818119
139,0.17597925535694822,0.9299082964164878,0.9134076665727329,0.7168597170131394,0.9526173925379486,0.9961200206932229,0.5758953951108584,0.8022735101619015
140,0.17156200029162516,0.9324824365558404,0.8852123323810404,0.7284427287240031,0.9595687331536388,0.9962062424555957,0.5906765207504264,0.8119187047881502
141,0.16713450048419495,0.9353247172437272,0.8723036881323694,0.71407121381551,0.9757412398921833,0.9903431626142438,0.6168277430358158,0.7729934550465036
142,0.16613407453170775,0.9336622511310638,0.9179330833067664,0.724152724203865,0.9449567314512697,0.9993102259010174,0.5326890278567368,0.8401653461935928
143,0.16690177357410332,0.9335549952722126,0.8869428550772583,0.7175032177333512,0.9572989076464746,0.9979306777030522,0.5486071631608869,0.8198415432311402
144,0.16134909682977538,0.9375770898928313,0.9114378517096464,0.7192192192447897,0.9697829479358774,0.997585790653561,0.5815804434337691,0.8026179813985532
145,0.1632413217952605,0.9344666702866122,0.8978225924026705,0.7187902187646484,0.9729039580082282,0.9966373512674599,0.6100056850483229,0.7847054770926628
146,0.1579225983189188,0.9371480669305041,0.9182347643789637,0.7190047187234444,0.9755993757979855,0.9959475771684774,0.6168277430358158,0.7809162934894937
147,0.15503528085593443,0.937469834507058,0.93880130105753,0.711282711206,0.9855298623918286,0.9943955854457666,0.6088686753837408,0.7733379262831553
148,0.15054410597498355,0.9390250439873237,0.9333815954111003,0.7243672241370904,0.975883103986381,0.9987928953267805,0.5980670835702103,0.8008956252152946
149,0.1526277064677761,0.9401512309783403,0.9438222098483491,0.7129987127174384,0.9797134345297205,0.9911191584755993,0.5963615690733371,0.7836720633827076
150,0.14729568853454117,0.9418136967905354,0.9684003597674377,0.716645216363942,0.9815576677542914,0.9935333678220383,0.6327458783399659,0.7674819152600758
151,0.1434472393796496,0.9446559766633215,0.9319173751446067,0.7200772197448045,0.9751737835153923,0.9976720124159337,0.5866969869243889,0.8008956252152946
152,0.14377623920725932,0.9416528124876262,0.9194375561931418,0.7241527240760129,0.9770180167399631,0.9974133471288154,0.5918135304150085,0.8043403375818119
153,0.13972163471159696,0.9459430467969274,0.9464425439233178,0.7162162160627936,0.9880834160873883,0.9947404724952578,0.6492325184764071,0.7568033069238719
154,0.14256677629097786,0.9437979297925111,0.9395395113336636,0.7211497212520028,0.9763086962689743,0.9992240041386445,0.58726549175668,0.8022735101619015
155,0.1407933261299629,0.9447632329089459,0.9569185558484379,0.7269412269156565,0.9713434529720528,0.998534230039662,0.5895395110858442,0.8101963486048915
156,0.13025315550304825,0.9494824906120981,0.9859889098269292,0.7033462035763371,0.9895020570293659,0.9937920331091568,0.6083001705514497,0.7609369617636927
157,0.13686657156638432,0.9460503032151616,1.000092175578621,0.7142857143879959,0.9822669882252801,0.9941369201586481,0.5912450255827174,0.7888391319324837
158,0.1321799750085963,0.9471228617589238,0.967699865167717,0.7084942083407859,0.9875159597105972,0.9971546818416969,0.5974985787379192,0.7757492249397175
159,0.12591372556864958,0.9508231887614346,0.9771028669133098,0.706563706282432,0.9934742516669031,0.9963786859803414,0.6083001705514497,0.7661040303134689
160,0.12999263156195226,0.9510913282359533,0.953699234139505,0.7170742173554917,0.9885090083699816,0.999051560613899,0.5787379192723138,0.8008956252152946
161,0.1267579657672372,0.9515739797733936,0.9848520425909427,0.7033462034484851,0.9954603489856717,0.9906880496637351,0.6230812961910176,0.7519807096107475
162,0.12791150278039368,0.9514130960714214,0.9895209563438191,0.7129987126662976,0.9940417080436942,0.9934471460596654,0.6134167140420693,0.7733379262831553
163,0.1270241042923824,0.9507695605315404,0.9839989362689671,0.7230802233614977,0.99177188253653,0.9982755647525435,0.6168277430358158,0.7874612469858767
164,0.11845642683909983,0.9538263529818803,1.0196153580605447,0.7153582155883491,0.9940417080436942,0.9958613554061045,0.6299033541785105,0.7671374440234241
165,0.12385708859118721,0.9507695610046185,1.008995150149201,0.7054912054656352,0.9924812030075187,0.9914640455250905,0.6503695281409893,0.7388908026179813
166,0.11531855650783553,0.9544698879623786,1.0445239287954908,0.7119262116960783,0.9946091644204852,0.9963786859803414,0.5992040932347925,0.7802273510161901
167,0.11811992511670252,0.9539336083676535,1.0133533651662048,0.7205062204039389,0.9921974748191232,0.9987928953267805,0.6020466173962479,0.792283844299001
168,0.11314238318842322,0.9558105861980197,1.037785956093499,0.7061347062369878,0.9967371258334515,0.9940506983962752,0.6009096077316657,0.769893213916638
169,0.12115371421450187,0.9529683055964377,1.054901561707399,0.7127842126819313,0.9748900553269967,0.9969822383169512,0.5804434337691871,0.7929727867723045
170,0.11457026914747408,0.9556497026239066,1.0183905543865743,0.7271557271812976,0.9866647751454107,0.9998275564752543,0.5622512791358727,0.8270754392008267
171,0.10984342416213291,0.957258540206207,1.051463761026897,0.7202917205729947,0.9853879982976309,0.9993964476633902,0.5838544627629335,0.8029624526352049
172,0.11223065315072465,0.9572585402925121,1.0158080675222494,0.7200772199749386,0.9856717264860264,0.9993102259010174,0.5866969869243889,0.8008956252152946
173,0.11026847606888726,0.9557569583548987,1.0635204091444386,0.7179322182134924,0.9937579798552987,0.999051560613899,0.5895395110858442,0.7957285566655184
174,0.10409416619336856,0.9600471927089507,1.0372736764946295,0.7097812097044984,0.9968789899276493,0.997068460079324,0.6071631608868675,0.7719600413365484
175,0.11007935113634715,0.9581165867765492,0.9809545639092091,0.7217932220744964,0.9951766207972762,0.997585790653561,0.6316088686753838,0.776438167413021
176,0.1060068743396216,0.9597790532344319,1.037688688805358,0.7269412270946495,0.9968789899276493,0.9998275564752543,0.5992040932347925,0.8043403375818119
177,0.1066118579639752,0.9574730520965196,1.0268957324163028,0.7166452166196463,0.9919137466307277,0.9969822383169512,0.5895395110858442,0.793661729245608
178,0.1040941644205244,0.960047192536341,1.0630118401968034,0.7127842127075015,0.9960278053624627,0.9987066735644077,0.626492325184764,0.7650706166035136
179,0.0970776245791503,0.9634257520901569,1.0540718139880005,0.7230802230546527,0.9951766207972762,0.9993102259010174,0.6208072768618533,0.7850499483293145
180,0.09970284485822391,0.961066123368038,1.073673979656116,0.7093522090197939,0.997020854021847,0.9972409036040697,0.6060261512222854,0.7719600413365484
181,0.09705693513073475,0.9632112402445951,1.0906628172369996,0.7119262120284935,0.9982976308696269,0.9972409036040697,0.6168277430358158,0.7695487426799862
182,0.10086952866197764,0.9604225881286254,1.053195782916733,0.7247962245149501,0.9943254362320897,0.9997413347128815,0.5838544627629335,0.8101963486048915
183,0.09670599665321566,0.9630503562837087,1.0646428047511158,0.706349206630481,0.998865087246418,0.9966373512674599,0.6287663445139283,0.7533585945573544
184,0.09763442320868934,0.9618705420505083,1.097345092377403,0.7054912052866422,0.9991488154348135,0.998534230039662,0.6117111995451961,0.7623148467102997
185,0.09757817630129295,0.9631039843409932,1.046120048847796,0.7084942081617931,0.9982976308696269,0.9971546818416969,0.6276293348493462,0.7574922493971753
186,0.09261382136605997,0.9649273342866844,1.1178880512126266,0.7097812097556393,0.9990069513406157,0.9983617865149164,0.6145537237066515,0.7674819152600758
187,0.09164686921242575,0.9656781254265024,1.1074518246079965,0.7196482199294942,0.9954603489856717,0.9996551129505087,0.6338828880045481,0.7716155700998967
188,0.09115817108911609,0.9662144045065951,1.10180979396897,0.7093522095312024,0.9956022130798695,0.9977582341783066,0.603752131893121,0.7733379262831553
189,0.08620262706777446,0.967394219168123,1.1243782120168286,0.7104247104758511,0.9990069513406157,0.998016899465425,0.6304718590108016,0.7588701343437823
190,0.08970899609071219,0.9662680326501845,1.1298790593763013,0.7213642212107988,0.9997162718116045,0.9997413347128815,0.595793064241046,0.7974509128487771
191,0.08832393082311955,0.9654636137087997,1.0965757057013197,0.7166452166963574,0.9990069513406157,0.9984480082772892,0.6060261512222854,0.7836720633827076
192,0.08868807421791118,0.9672869630088035,1.0918157227506764,0.7166452168753505,0.9991488154348135,0.9986204518020348,0.610574189880614,0.7809162934894937
193,0.08611245648822062,0.9673942188676545,1.1208095067767614,0.7108537105724362,0.999432543623209,0.9965511295050871,0.6048891415577032,0.775060282466414
194,0.08491626252177162,0.9666970555709576,1.114494380854783,0.7187902190714932,0.9995744077174067,0.9995688911881359,0.6145537237066515,0.7819497071994489
195,0.08386356494319903,0.9683058938820543,1.1700616398373165,0.7142857141834326,1.0,0.9989653388515262,0.6202387720295622,0.771271098863245
196,0.08198281807399742,0.9684667777566361,1.1292196855377301,0.7224367221810183,0.9987232231522202,0.9993102259010174,0.6122797043774872,0.7891836031691354
197,0.08263832293904336,0.9676087307995208,1.1023698182435366,0.7269412269156565,0.9987232231522202,0.9999137782376272,0.5918135304150085,0.8088184636582846
198,0.07686010170744952,0.9719525930829983,1.1181472092419418,0.7250107246783097,0.9987232231522202,1.0,0.611142694712905,0.7940062004822598
199,0.08257764022598167,0.967286962967249,1.152152282186252,0.7209352211653548,0.9997162718116045,0.9997413347128815,0.6077316657191586,0.7895280744057871
200,0.08092911969909289,0.968466777628777,1.1386051420386079,0.7151437152971376,0.999432543623209,0.999051560613899,0.6276293348493462,0.7681708577333792
201,0.07651389836737597,0.9705046387743419,1.1697923460777915,0.7145002143467918,0.9990069513406157,0.9997413347128815,0.5906765207504264,0.7895280744057871
202,0.0807668150792625,0.9692711962249427,1.116283744509667,0.7185757182433031,0.9995744077174067,0.9983617865149164,0.603752131893121,0.7881501894591801
203,0.08077359903667121,0.9684131498272103,1.1514927913885882,0.7247962248985064,1.0,0.9997413347128815,0.6293348493462194,0.7826386496727523
204,0.07037275369994446,0.9721134768712753,1.1939459525173388,0.7153582155883492,0.998865087246418,0.9978444559406794,0.6429789653212052,0.7592146055804341
205,0.07917188189797102,0.9719525930829982,1.1469082566659783,0.7190047187234443,0.9997162718116045,0.9996551129505087,0.5940875497441728,0.7946951429555632
206,0.07590702491466142,0.9705582665759087,1.1431610832803496,0.7183612180799438,0.9998581359058022,0.9996551129505087,0.5935190449118818,0.7940062004822598
207,0.07357335085682672,0.9736150588951931,1.1464611920917662,0.7175032177333514,0.9978720385870337,0.9996551129505087,0.5940875497441728,0.792283844299001
208,0.07052534174320108,0.9737223146677396,1.2427239955519975,0.7209352210886433,0.9963115335508583,0.9992240041386445,0.5997725980670836,0.7943506717189115
209,0.0815047099127516,0.9690566847661545,1.128293921741893,0.7140712139177914,1.0,0.9984480082772892,0.6270608300170551,0.7667929727867723
210,0.06837076324420738,0.9740977098732506,1.1520007693527188,0.7217932218187924,0.999432543623209,0.9999137782376272,0.6134167140420693,0.7874612469858767
211,0.06578150580670071,0.9755456643545166,1.1694741332444036,0.7228657225844483,0.9997162718116045,0.9997413347128815,0.5821489482660602,0.808129521184981
212,0.07346431268060943,0.9720062205840964,1.1545979497464416,0.7187902187646484,0.9990069513406157,0.9996551129505087,0.5639567936327459,0.8126076472614536
213,0.07045177633699264,0.9727570117239145,1.2365533840702305,0.7282282285095028,0.9968789899276493,0.9987066735644077,0.5844229675952246,0.8153634171546675
214,0.06882740966442277,0.9740977101737193,1.1455201715013594,0.7215787214252991,0.9997162718116045,0.9982755647525435,0.626492325184764,0.7791939373062349
215,0.07044320830195984,0.9729715234416169,1.2117473224057298,0.7072072070026437,1.0,0.9983617865149164,0.6623081296191018,0.7344126765415088
216,0.07247231128104295,0.9722743604453883,1.164507754214175,0.7215787216042919,0.999432543623209,0.9998275564752543,0.5974985787379192,0.7967619703754737
217,0.06921150442567427,0.9739904541007041,1.2070959192240818,0.720506220403939,1.0,0.9999137782376272,0.6293348493462194,0.7757492249397175
218,0.06611952042089152,0.9743122219777265,1.1926010902835187,0.7183612180288029,0.9998581359058022,1.0,0.5963615690733371,0.792283844299001
219,0.06611865102500002,0.9753311527231184,1.1733457041830015,0.7185757184222962,0.9965952617392538,0.9995688911881359,0.5565662308129619,0.8167413021012745
220,0.06938303038362027,0.9733469193343697,1.244415099505241,0.720506220352798,0.9984394949638247,0.9997413347128815,0.5707788516202388,0.8112297623148467
221,0.07102765347971417,0.973668686610455,1.190858540285406,0.711497211650634,1.0,0.9998275564752543,0.6134167140420693,0.7709266276265931
222,0.06576512768427513,0.9756529202133677,1.2495748115578007,0.7220077221611443,0.9956022130798695,0.9989653388515262,0.5969300739056282,0.7977953840854288
223,0.06605116503364426,0.9743122219777267,1.219167334334833,0.7177177180245627,0.9995744077174067,0.9999137782376272,0.5946560545764639,0.792283844299001
224,0.06669948055430022,0.9751702685480683,1.1957476389147295,0.7140712143524888,1.0,0.9991377823762718,0.6014781125639568,0.7822941784361006
225,0.060103389941507136,0.9774762695133713,1.2033910628093358,0.7209352209096506,1.0,0.9998275564752543,0.6213757816941444,0.7812607647261454
226,0.0650072112034593,0.9765645947994399,1.2150368702253114,0.721364221338651,0.9995744077174067,0.9998275564752543,0.6083001705514497,0.7898725456424388
227,0.060522911454734055,0.9784415722014788,1.2621863538847624,0.7232947232691529,0.999432543623209,1.0,0.572484366117112,0.8146744746813641
228,0.06294226876169885,0.9755456642266573,1.243059524212309,0.7187902187646483,0.998865087246418,0.9998275564752543,0.6065946560545764,0.7867723045125732
229,0.061787042738540666,0.9765109669978732,1.1836305279068964,0.719433719714994,0.998865087246418,0.9987066735644077,0.6316088686753838,0.7726489838098519
230,0.06127225117454349,0.9769936180622357,1.223089819555884,0.7260832263645007,0.9992906795290112,0.9996551129505087,0.602615122228539,0.8008956252152946
231,0.05749209019204995,0.9781734326822091,1.2156223701029467,0.721364221594355,0.9998581359058022,0.9997413347128815,0.6367254121660034,0.7726489838098519
232,0.05562062436769605,0.9794605032888934,1.2527766827859879,0.724796224566091,0.9998581359058022,0.9997413347128815,0.6071631608868675,0.7960730279021702
233,0.06176533508929368,0.9761355715781987,1.2249731011065432,0.7220077217264473,1.0,0.9995688911881359,0.6378624218305856,0.7729934550465036
234,0.0597965936787555,0.9778516650193506,1.2467308236723136,0.7119262122074865,1.0,0.9997413347128815,0.6242183058555998,0.7650706166035136
235,0.05797000214555006,0.9794068748863894,1.2603403035789433,0.7196482198783535,0.9997162718116045,1.0,0.571915861284821,0.8091629348949363
236,0.0586102921270973,0.9774226418844139,1.2338061597612169,0.7265122264866561,0.9998581359058022,1.0,0.5969300739056282,0.8050292800551154
237,0.05969514454098983,0.9772081300804067,1.2409327876307026,0.727584727610298,0.999432543623209,1.0,0.595793064241046,0.8074405787116776
238,0.05658691838158325,0.9777980370899247,1.1904260914809506,0.7235092237393571,0.9998581359058022,1.0,0.6196702671972711,0.7864278332759215
239,0.056296890696311205,0.9787633400337504,1.2472639830518513,0.7247962249496473,1.0,1.0,0.6003411028993746,0.800206682741991
240,0.06232038041765637,0.9773153857250942,1.2061744225173485,0.7183612185913522,0.9998581359058022,0.9999137782376272,0.5986355884025014,0.790905959352394
241,0.06001185038998894,0.977744409460968,1.210133105963916,0.7262977261954446,0.9998581359058022,0.9999137782376272,0.6276293348493462,0.7860833620392698
242,0.05446473389944678,0.9796750145335176,1.2976215374106659,0.721578721297447,0.9997162718116045,0.9995688911881359,0.6031836270608301,0.7933172580089562
243,0.058335964714247915,0.9799967821963766,1.2596343663668539,0.7166452168753504,0.9992906795290112,0.9986204518020348,0.5935190449118818,0.7912504305890458
244,0.058408649041753274,0.9791923634691555,1.2414092018797591,0.7149292151593487,1.0,0.9993102259010174,0.6202387720295622,0.7723045125732001
245,0.05890976673741985,0.9775835252859174,1.1981104751709244,0.7286572286316582,1.0,1.0,0.6213757816941444,0.793661729245608
246,0.05193532574962802,0.9808548291534915,1.2888304901348067,0.7121407124731274,0.999432543623209,0.999482669425763,0.5969300739056282,0.7819497071994489
247,0.055158932468600506,0.9790851074824454,1.2675999951229642,0.7194337194081492,1.0,0.9986204518020348,0.6156907333712337,0.7822941784361006
248,0.05418813700166957,0.9797286427218579,1.2688947449115051,0.7110682110937814,1.0,0.9995688911881359,0.625923820352473,0.7626593179469514
249,0.05836605188819037,0.9780125491080963,1.2737006292686808,0.7134277134532839,1.0,0.9995688911881359,0.5974985787379192,0.7836720633827076
250,0.05486857769297117,0.9790851073098357,1.2369945199128536,0.7262977264000081,0.9998581359058022,0.9996551129505087,0.6060261512222854,0.7991732690320358
251,0.05467818128351117,0.978977851537289,1.2275020632299931,0.715572715291441,1.0,0.9999137782376272,0.595224559408755,0.7884946606958319
252,0.05028455124170765,0.9810157131559323,1.2662982212684024,0.7252252255576407,0.9997162718116045,1.0,0.6122797043774872,0.793661729245608
253,0.052876882875193265,0.9799431540527871,1.284560639221031,0.7091377091632797,1.0,0.9989653388515262,0.611142694712905,0.768515328970031
254,0.05422098689400979,0.9778516650193505,1.2914337126393527,0.7239382239126535,0.999432543623209,0.9998275564752543,0.6065946560545764,0.7950396141922149
255,0.05197371517121714,0.9808012009235976,1.2535305855510475,0.7059202062014805,0.9998581359058022,0.9981031212277979,0.5929505400795907,0.7743713399931106
256,0.05229509602999403,0.9805330616632424,1.3161491933987919,0.7142857144391368,0.9998581359058022,0.9999137782376272,0.5605457646389994,0.8074405787116776
257,0.048774239502121196,0.9819810158855939,1.2935199460365499,0.7211497213031437,1.0,0.9998275564752543,0.6173962478681069,0.7840165346193593
258,0.051107317106956617,0.9821418997601755,1.2526061434901257,0.7243672244695062,0.9998581359058022,0.9998275564752543,0.6077316657191586,0.7950396141922149
259,0.05108936962802881,0.9809084572970809,1.2279309498194921,0.7183612184635002,1.0,0.9998275564752543,0.6094371802160319,0.784361005856011
260,0.05085853263060518,0.9814447365050326,1.2940712633280222,0.7260832260576557,1.0,0.9999137782376272,0.6281978396816373,0.7853944195659662
261,0.04458747553141814,0.984072505046889,1.275260267979799,0.72543972510731,1.0,0.9998275564752543,0.6401364411597499,0.7771271098863245
262,0.0496647095670008,0.9806403177362576,1.271729020998745,0.7213642215176439,1.0,0.9999137782376272,0.6287663445139283,0.7774715811229762
263,0.04756763213822405,0.9828926906858301,1.269471216130185,0.7084942087754831,0.9998581359058022,0.9987928953267805,0.6384309266628766,0.7509472959007922
264,0.05345560399686681,0.9795677588472761,1.2776629066119527,0.716216216267357,1.0,0.999482669425763,0.625923820352473,0.7709266276265931
265,0.0501227117821174,0.9819273880424729,1.2996464339206786,0.7196482197505014,0.9998581359058022,0.9998275564752543,0.5992040932347925,0.7926283155356528
266,0.051970504138594935,0.9814447366776423,1.297827996137775,0.7129987127174384,1.0,1.0,0.611142694712905,0.7747158112297623
267,0.0491904538010326,0.9819810154125156,1.2550267495345986,0.7196482199294941,0.9998581359058022,1.0,0.6083001705514497,0.7871167757492249
268,0.04803013089200591,0.9825172947930768,1.2258013980371254,0.7196482199294942,0.9998581359058022,0.9996551129505087,0.5895395110858442,0.7984843265587324
269,0.046953332847017325,0.982570923022971,1.260400351359066,0.7157872156337932,1.0,0.9996551129505087,0.5895395110858442,0.792283844299001
270,0.04715936605592268,0.9825709231092761,1.3025710002796074,0.7136422134887912,1.0,1.0,0.5992040932347925,0.782983120909404
271,0.050085937024847364,0.9812302249599395,1.2616428236038784,0.7145002141677991,1.0,0.9997413347128815,0.6520750426378624,0.7523251808473992
272,0.04196640018070263,0.9841797606915766,1.397948762727162,0.7166452164406534,1.0,0.9995688911881359,0.6071631608868675,0.782983120909404
273,0.051712430600240146,0.9813911082751384,1.3328521252189875,0.7117117116094299,1.0,0.9999137782376272,0.5821489482660602,0.7902170168790906
274,0.0465341484127284,0.9830535744741068,1.3961832346654357,0.7084942082640746,0.9990069513406157,0.9995688911881359,0.5747583854462763,0.7895280744057871
275,0.04410490658626279,0.984340644866627,1.3333453351159508,0.7155727152403002,1.0,1.0,0.5747583854462763,0.8008956252152946
276,0.04711239052583925,0.9830535740873334,1.2769365406302309,0.7153582152047928,1.0,1.0,0.5912450255827174,0.7905614881157423
277,0.047398790325357154,0.9828390625422404,1.273449610277902,0.7145002145257849,1.0,1.0,0.6048891415577032,0.7809162934894937
278,0.04902233715516899,0.981873759812579,1.2958630083559513,0.7177177174364432,1.0,1.0,0.5969300739056282,0.790905959352394
279,0.04667366544359005,0.9838043653997611,1.3038933949632128,0.7172887174677104,0.9997162718116045,1.0,0.6014781125639568,0.7874612469858767
280,0.04466804562682628,0.9843406446940174,1.307297149015465,0.715358215153652,1.0,1.0,0.6185332575326891,0.7740268687564589
281,0.04670173145885369,0.9828926906858297,1.2905240400519713,0.7254397252351621,0.9998581359058022,1.0,0.5889710062535531,0.808129521184981
282,0.04607478085004906,0.9832144582623837,1.2993264619192306,0.7222222225034967,0.9997162718116045,0.9999137782376272,0.5827174530983513,0.8067516362383741
283,0.04280702780524436,0.9844479001660954,1.352267240286385,0.7262977260164516,1.0,1.0,0.5713473564525299,0.8201860144677919
284,0.046464693221373615,0.9828390624559358,1.3234110329602216,0.7140712139177915,0.9998581359058022,0.9981031212277979,0.6014781125639568,0.7822941784361006
285,0.04145202280827365,0.9846624119701027,1.3872803272683443,0.7069927070949888,1.0,0.9999137782376272,0.5889710062535531,0.7785049948329315
286,0.04445287947099306,0.983643481611484,1.3057972708775323,0.7138567137032913,1.0,1.0,0.5707788516202388,0.8005511539786427
287,0.03735802305125421,0.9866466458319298,1.378823254559491,0.7129987127174384,1.0,1.0,0.6225127913587265,0.7678263864967275
288,0.04318454867394583,0.9840188770759095,1.3651970563554703,0.7198627199650014,0.9998581359058022,0.9989653388515262,0.6009096077316657,0.7919393730623493
289,0.04523778656844115,0.9834289699800863,1.317475266898461,0.7166452164406534,1.0,0.9999137782376272,0.5821489482660602,0.7981398553220806
290,0.043998946992785025,0.9840188769032997,1.2943808050536132,0.7119262116449375,0.9997162718116045,0.9993964476633902,0.6020466173962479,0.7785049948329315
291,0.04333502006587022,0.9845551565843296,1.3722141109173616,0.7194337195360012,1.0,1.0,0.5935190449118818,0.7957285566655184
292,0.047158104187802516,0.9831072020167589,1.309293207923827,0.7153582155883491,1.0,0.9999137782376272,0.6361569073337123,0.7633482604202549
293,0.038447688162528984,0.9868611570765543,1.3050709423309024,0.7202917205218541,1.0,0.9998275564752543,0.6014781125639568,0.792283844299001
294,0.039271335722201824,0.9854132029820617,1.3707041916853364,0.7200772202306427,1.0,1.0,0.5969300739056282,0.7946951429555632
295,0.04573198922740433,0.9827318068975529,1.3281268056295092,0.7226512224466592,1.0,0.9997413347128815,0.6151222285389426,0.7878057182225284
296,0.04527607155124605,0.9835362257110788,1.3319107195380826,0.7168597165784425,1.0,0.9998275564752543,0.626492325184764,0.7716155700998967
297,0.04163260565615278,0.9850378077765508,1.3156708658943352,0.7235092235347939,1.0,1.0,0.6247868106878909,0.7833275921460559
298,0.04527378746852237,0.9834289695933129,1.3085426318190323,0.7194337197149941,1.0,1.0,0.5838544627629335,0.801584567688598
299,0.041995793931821915,0.9851986911365004,1.281762972966329,0.7172887174421397,1.0,0.9999137782376272,0.6281978396816373,0.771271098863245
300,0.04394258222600988,0.9846624124431809,1.2860312470035562,0.7168597166551536,1.0,0.9998275564752543,0.6378624218305856,0.7647261453668619
